kinematics:
  shoulder:
    x: 0
    y: 0
    z: 0.08940450783415636
    roll: -0
    pitch: 0
    yaw: 1.697778820286197e-05
  upper_arm:
    x: 0.0001273287950343563
    y: 0
    z: 0
    roll: 1.569971567114795
    pitch: 0
    yaw: 3.803593743960953e-05
  forearm:
    x: -0.4253813732407757
    y: 0
    z: 0
    roll: 0.0009213899313328583
    pitch: 0.002319724795962521
    yaw: -5.820117125106574e-05
  wrist_1:
    x: -0.3920894801871252
    y: -0.002612752293050529
    z: 0.1110953233157415
    roll: 0.02351377779955097
    pitch: 0.001503523227972868
    yaw: 1.962144242726968e-05
  wrist_2:
    x: 5.045757249841681e-05
    y: -0.09489847851189616
    z: 4.301613370421069e-05
    roll: 1.570343041015898
    pitch: 0
    yaw: -7.992723583029283e-05
  wrist_3:
    x: 2.67074864897826e-05
    y: 0.08271098674062219
    z: 6.0424135902777e-05
    roll: 1.571526872125505
    pitch: 3.141592653589793
    yaw: -3.141542414227861
  hash: calib_5618943256207544143